0	4.0	3.6	21.0	21.1	0
1	3.21	5.1	21.0	21.9	115
2	3.4	5.4	20.1	23.0	120
3	3.55	5.6	19.0	24.1	123
4	3.6	5.8	17.9	25.3	125
5	3.6	6	16.8	26.6	126
6	3.55	6.3	15.9	28.0	125
7	3.4	6.6	15.0	29.3	125
8	3.3	6.8	14.2	30.5	123
9	3.2	7.0	13.5	31.6	122
10	3.1	7.2	12.7	32.7	121
11	3.05	7.4	12.0	33.8	121
12	3.0	7.7	11.2	34.8	121
13	2.9	7.9	10.5	35.8	121
14	2.85	8.1	9.8	36.9	121
15	2.8	8.3	9.2	37.7	121
16	2.75	8.5	8.5	38.7	122
17	2.7	8.8	7.8	39.8	123
18	2.65	9	7.4	40.5	123
19	2.6	9.2	6.9	41.4	124
20	2.55	9.3	6.4	42.2	124
21	2.55	9.5	6.0	42.9	125
22	2.5	9.7	5.5	43.8	125
23	2.5	9.9	5.1	44.5	125
24	2.45	10.1	4.7	45.3	125
25	2.45	10.3	4.4	46.0	125
26	2.4	10.4	4.0	46.7	125
27	2.4	10.6	3.7	47.4	125
28	2.4	10.7	3.5	48.0	125
29	2.4	10.9	3.2	48.7	125
30	2.39	11.1	2.9	49.3	125
31	2.38	11.3	2.7	49.9	125
32	2.37	11.3	2.5	50.5	125
